   2.5000000000000000        2.2360679774997898        6.8988319487107235E-308
   1.5000000000000000        2.8284271247461903        2.2360679774997898     
  0.50000000000000000        3.0000000000000000        2.8284271247461903     
 -0.50000000000000000        2.8284271247461903        3.0000000000000000     
  -1.5000000000000000        2.2360679774997898        2.8284271247461903     
  -2.5000000000000000        0.0000000000000000        2.2360679774997898     
   2.5000000000000000        2.2360679774997898        0.0000000000000000     
   1.5000000000000000        2.8284271247461903        2.2360679774997898     
  0.50000000000000000        3.0000000000000000        2.8284271247461903     
 -0.50000000000000000        2.8284271247461903        3.0000000000000000     
  -1.5000000000000000        2.2360679774997898        2.8284271247461903     
  -2.5000000000000000        5.4631035345729111E+190   2.2360679774997898     
