   2.5000000000000000        2.2360679774997898        1.2731975061993647E-313
   1.5000000000000000        2.8284271247461903        2.2360679774997898     
  0.50000000000000000        3.0000000000000000        2.8284271247461903     
 -0.50000000000000000        2.8284271247461903        3.0000000000000000     
  -1.5000000000000000        2.2360679774997898        2.8284271247461903     
  -2.5000000000000000        0.0000000000000000        2.2360679774997898     
   2.5000000000000000        2.2360679774997898        0.0000000000000000     
   1.5000000000000000        2.8284271247461903        2.2360679774997898     
  0.50000000000000000        3.0000000000000000        2.8284271247461903     
 -0.50000000000000000        2.8284271247461903        3.0000000000000000     
  -1.5000000000000000        2.2360679774997898        2.8284271247461903     
  -2.5000000000000000        4.2525338103167898E+262   2.2360679774997898     
