   2.5000000000000000        2.2360679774997898        1.2095376008897305E-312
   1.5000000000000000        2.8284271247461903        2.2360679774997898     
  0.50000000000000000        3.0000000000000000        2.8284271247461903     
 -0.50000000000000000        2.8284271247461903        3.0000000000000000     
  -1.5000000000000000        2.2360679774997898        2.8284271247461903     
  -2.5000000000000000        0.0000000000000000        2.2360679774997898     
   2.5000000000000000        2.2360679774997898        0.0000000000000000     
   1.5000000000000000        2.8284271247461903        2.2360679774997898     
  0.50000000000000000        3.0000000000000000        2.8284271247461903     
 -0.50000000000000000        2.8284271247461903        3.0000000000000000     
  -1.5000000000000000        2.2360679774997898        2.8284271247461903     
  -2.5000000000000000        1.6304166312761136E-322   2.2360679774997898     
