 (  103378590.71937937     ,  0.0000000000000000     )
 ( -681386.06250000000     , -0.0000000000000000     )
 (  0.0000000000000000     ,  0.0000000000000000     )
 (  0.0000000000000000     ,  0.0000000000000000     )
 (  0.0000000000000000     ,  0.0000000000000000     )
 (  0.0000000000000000     ,  0.0000000000000000     )
 (  0.0000000000000000     ,  0.0000000000000000     )
 (  0.0000000000000000     ,  0.0000000000000000     )
 (  0.0000000000000000     ,  0.0000000000000000     )
 (  0.0000000000000000     ,  0.0000000000000000     )
 (  0.0000000000000000     ,  0.0000000000000000     )
 (  0.0000000000000000     ,  0.0000000000000000     )
  
 ( -681386.06250000000     ,  0.0000000000000000     )
 (  62027154.431627624     ,  0.0000000000000000     )
 ( -861892.75000000000     , -0.0000000000000000     )
 (  0.0000000000000000     ,  0.0000000000000000     )
 (  0.0000000000000000     ,  0.0000000000000000     )
 (  0.0000000000000000     ,  0.0000000000000000     )
 (  0.0000000000000000     ,  0.0000000000000000     )
 (  0.0000000000000000     ,  0.0000000000000000     )
 (  0.0000000000000000     ,  0.0000000000000000     )
 (  0.0000000000000000     ,  0.0000000000000000     )
 (  0.0000000000000000     ,  0.0000000000000000     )
 (  0.0000000000000000     ,  0.0000000000000000     )
  
 (  0.0000000000000000     ,  0.0000000000000000     )
 ( -861892.75000000000     ,  0.0000000000000000     )
 (  20675718.143875875     ,  0.0000000000000000     )
 ( -914175.31250000000     , -0.0000000000000000     )
 (  0.0000000000000000     ,  0.0000000000000000     )
 (  0.0000000000000000     ,  0.0000000000000000     )
 (  0.0000000000000000     ,  0.0000000000000000     )
 (  0.0000000000000000     ,  0.0000000000000000     )
 (  0.0000000000000000     ,  0.0000000000000000     )
 (  0.0000000000000000     ,  0.0000000000000000     )
 (  0.0000000000000000     ,  0.0000000000000000     )
 (  0.0000000000000000     ,  0.0000000000000000     )
  
 (  0.0000000000000000     ,  0.0000000000000000     )
 (  0.0000000000000000     ,  0.0000000000000000     )
 ( -914175.31250000000     ,  0.0000000000000000     )
 ( -20675718.143875875     ,  0.0000000000000000     )
 ( -861892.75000000000     , -0.0000000000000000     )
 (  0.0000000000000000     ,  0.0000000000000000     )
 (  0.0000000000000000     ,  0.0000000000000000     )
 (  0.0000000000000000     ,  0.0000000000000000     )
 (  0.0000000000000000     ,  0.0000000000000000     )
 (  0.0000000000000000     ,  0.0000000000000000     )
 (  0.0000000000000000     ,  0.0000000000000000     )
 (  0.0000000000000000     ,  0.0000000000000000     )
  
 (  0.0000000000000000     ,  0.0000000000000000     )
 (  0.0000000000000000     ,  0.0000000000000000     )
 (  0.0000000000000000     ,  0.0000000000000000     )
 ( -861892.75000000000     ,  0.0000000000000000     )
 ( -62027154.431627624     ,  0.0000000000000000     )
 ( -681386.06250000000     , -0.0000000000000000     )
 (  0.0000000000000000     ,  0.0000000000000000     )
 (  0.0000000000000000     ,  0.0000000000000000     )
 (  0.0000000000000000     ,  0.0000000000000000     )
 (  0.0000000000000000     ,  0.0000000000000000     )
 (  0.0000000000000000     ,  0.0000000000000000     )
 (  0.0000000000000000     ,  0.0000000000000000     )
  
 (  0.0000000000000000     ,  0.0000000000000000     )
 (  0.0000000000000000     ,  0.0000000000000000     )
 (  0.0000000000000000     ,  0.0000000000000000     )
 (  0.0000000000000000     ,  0.0000000000000000     )
 ( -681386.06250000000     ,  0.0000000000000000     )
 ( -103378590.71937937     ,  0.0000000000000000     )
 (  0.0000000000000000     ,  0.0000000000000000     )
 (  0.0000000000000000     ,  0.0000000000000000     )
 (  0.0000000000000000     ,  0.0000000000000000     )
 (  0.0000000000000000     ,  0.0000000000000000     )
 (  0.0000000000000000     ,  0.0000000000000000     )
 (  0.0000000000000000     ,  0.0000000000000000     )
  
 (  0.0000000000000000     ,  0.0000000000000000     )
 (  0.0000000000000000     ,  0.0000000000000000     )
 (  0.0000000000000000     ,  0.0000000000000000     )
 (  0.0000000000000000     ,  0.0000000000000000     )
 (  0.0000000000000000     ,  0.0000000000000000     )
 (  0.0000000000000000     ,  0.0000000000000000     )
 (  103378590.71937937     ,  0.0000000000000000     )
 ( -681386.06250000000     , -0.0000000000000000     )
 (  0.0000000000000000     ,  0.0000000000000000     )
 (  0.0000000000000000     ,  0.0000000000000000     )
 (  0.0000000000000000     ,  0.0000000000000000     )
 (  0.0000000000000000     ,  0.0000000000000000     )
  
 (  0.0000000000000000     ,  0.0000000000000000     )
 (  0.0000000000000000     ,  0.0000000000000000     )
 (  0.0000000000000000     ,  0.0000000000000000     )
 (  0.0000000000000000     ,  0.0000000000000000     )
 (  0.0000000000000000     ,  0.0000000000000000     )
 (  0.0000000000000000     ,  0.0000000000000000     )
 ( -681386.06250000000     ,  0.0000000000000000     )
 (  62027154.431627624     ,  0.0000000000000000     )
 ( -861892.75000000000     , -0.0000000000000000     )
 (  0.0000000000000000     ,  0.0000000000000000     )
 (  0.0000000000000000     ,  0.0000000000000000     )
 (  0.0000000000000000     ,  0.0000000000000000     )
  
 (  0.0000000000000000     ,  0.0000000000000000     )
 (  0.0000000000000000     ,  0.0000000000000000     )
 (  0.0000000000000000     ,  0.0000000000000000     )
 (  0.0000000000000000     ,  0.0000000000000000     )
 (  0.0000000000000000     ,  0.0000000000000000     )
 (  0.0000000000000000     ,  0.0000000000000000     )
 (  0.0000000000000000     ,  0.0000000000000000     )
 ( -861892.75000000000     ,  0.0000000000000000     )
 (  20675718.143875875     ,  0.0000000000000000     )
 ( -914175.31250000000     , -0.0000000000000000     )
 (  0.0000000000000000     ,  0.0000000000000000     )
 (  0.0000000000000000     ,  0.0000000000000000     )
  
 (  0.0000000000000000     ,  0.0000000000000000     )
 (  0.0000000000000000     ,  0.0000000000000000     )
 (  0.0000000000000000     ,  0.0000000000000000     )
 (  0.0000000000000000     ,  0.0000000000000000     )
 (  0.0000000000000000     ,  0.0000000000000000     )
 (  0.0000000000000000     ,  0.0000000000000000     )
 (  0.0000000000000000     ,  0.0000000000000000     )
 (  0.0000000000000000     ,  0.0000000000000000     )
 ( -914175.31250000000     ,  0.0000000000000000     )
 ( -20675718.143875875     ,  0.0000000000000000     )
 ( -861892.75000000000     , -0.0000000000000000     )
 (  0.0000000000000000     ,  0.0000000000000000     )
  
 (  0.0000000000000000     ,  0.0000000000000000     )
 (  0.0000000000000000     ,  0.0000000000000000     )
 (  0.0000000000000000     ,  0.0000000000000000     )
 (  0.0000000000000000     ,  0.0000000000000000     )
 (  0.0000000000000000     ,  0.0000000000000000     )
 (  0.0000000000000000     ,  0.0000000000000000     )
 (  0.0000000000000000     ,  0.0000000000000000     )
 (  0.0000000000000000     ,  0.0000000000000000     )
 (  0.0000000000000000     ,  0.0000000000000000     )
 ( -861892.75000000000     ,  0.0000000000000000     )
 ( -62027154.431627624     ,  0.0000000000000000     )
 ( -681386.06250000000     , -0.0000000000000000     )
  
 (  0.0000000000000000     ,  0.0000000000000000     )
 (  0.0000000000000000     ,  0.0000000000000000     )
 (  0.0000000000000000     ,  0.0000000000000000     )
 (  0.0000000000000000     ,  0.0000000000000000     )
 (  0.0000000000000000     ,  0.0000000000000000     )
 (  0.0000000000000000     ,  0.0000000000000000     )
 (  0.0000000000000000     ,  0.0000000000000000     )
 (  0.0000000000000000     ,  0.0000000000000000     )
 (  0.0000000000000000     ,  0.0000000000000000     )
 (  0.0000000000000000     ,  0.0000000000000000     )
 ( -681386.06250000000     ,  0.0000000000000000     )
 ( -103378590.71937937     ,  0.0000000000000000     )
  
