  0.1096E-01  0.5762E+02
  0.1202E-01  0.5750E+02
  0.1318E-01  0.5736E+02
  0.1445E-01  0.5719E+02
  0.1585E-01  0.5699E+02
  0.1738E-01  0.5676E+02
  0.1905E-01  0.5647E+02
  0.2089E-01  0.5614E+02
  0.2291E-01  0.5575E+02
  0.2512E-01  0.5529E+02
  0.2754E-01  0.5475E+02
  0.3020E-01  0.5412E+02
  0.3311E-01  0.5339E+02
  0.3631E-01  0.5256E+02
  0.3981E-01  0.5161E+02
  0.4365E-01  0.5054E+02
  0.4786E-01  0.4935E+02
  0.5248E-01  0.4803E+02
  0.5754E-01  0.4659E+02
  0.6310E-01  0.4505E+02
  0.6918E-01  0.4341E+02
  0.7586E-01  0.4170E+02
  0.8318E-01  0.3995E+02
  0.9120E-01  0.3817E+02
  0.1000E+00  0.3642E+02
  0.1096E+00  0.3470E+02
  0.1202E+00  0.3306E+02
  0.1318E+00  0.3150E+02
  0.1445E+00  0.3005E+02
  0.1585E+00  0.2872E+02
  0.1738E+00  0.2752E+02
  0.1905E+00  0.2643E+02
  0.2089E+00  0.2547E+02
  0.2291E+00  0.2463E+02
  0.2512E+00  0.2389E+02
  0.2754E+00  0.2325E+02
  0.3020E+00  0.2270E+02
  0.3311E+00  0.2223E+02
  0.3631E+00  0.2183E+02
  0.3981E+00  0.2149E+02
  0.4365E+00  0.2119E+02
  0.4786E+00  0.2094E+02
  0.5248E+00  0.2073E+02
  0.5754E+00  0.2055E+02
  0.6310E+00  0.2039E+02
  0.6918E+00  0.2026E+02
  0.7586E+00  0.2014E+02
  0.8318E+00  0.2003E+02
  0.9120E+00  0.1994E+02
  0.1000E+01  0.1985E+02
  0.1096E+01  0.1976E+02
  0.1202E+01  0.1968E+02
  0.1318E+01  0.1959E+02
  0.1445E+01  0.1950E+02
  0.1585E+01  0.1940E+02
  0.1738E+01  0.1929E+02
  0.1905E+01  0.1916E+02
  0.2089E+01  0.1902E+02
  0.2291E+01  0.1886E+02
  0.2512E+01  0.1868E+02
  0.2754E+01  0.1847E+02
  0.3020E+01  0.1822E+02
  0.3311E+01  0.1795E+02
  0.3631E+01  0.1763E+02
  0.3981E+01  0.1727E+02
  0.4365E+01  0.1687E+02
  0.4786E+01  0.1642E+02
  0.5248E+01  0.1593E+02
  0.5754E+01  0.1540E+02
  0.6310E+01  0.1483E+02
  0.6918E+01  0.1423E+02
  0.7586E+01  0.1361E+02
  0.8318E+01  0.1298E+02
  0.9120E+01  0.1234E+02
  0.1000E+02  0.1171E+02
  0.1096E+02  0.1110E+02
  0.1202E+02  0.1052E+02
  0.1318E+02  0.9976E+01
  0.1445E+02  0.9470E+01
  0.1585E+02  0.9007E+01
  0.1738E+02  0.8590E+01
  0.1905E+02  0.8217E+01
  0.2089E+02  0.7888E+01
  0.2291E+02  0.7600E+01
  0.2512E+02  0.7350E+01
  0.2754E+02  0.7135E+01
  0.3020E+02  0.6950E+01
  0.3311E+02  0.6793E+01
  0.3631E+02  0.6659E+01
  0.3981E+02  0.6547E+01
  0.4365E+02  0.6452E+01
  0.4786E+02  0.6373E+01
  0.5248E+02  0.6306E+01
  0.5754E+02  0.6251E+01
  0.6310E+02  0.6205E+01
  0.6918E+02  0.6167E+01
  0.7586E+02  0.6135E+01
  0.8318E+02  0.6109E+01
  0.9120E+02  0.6087E+01
  0.1000E+03  0.6069E+01
