 (  33126022848.364651     ,  0.0000000000000000     )
 ( -0.0000000000000000     , -0.0000000000000000     )
 (  0.0000000000000000     ,  0.0000000000000000     )
 (  0.0000000000000000     ,  0.0000000000000000     )
 (  27859354743.788563     ,  0.0000000000000000     )
 (  0.0000000000000000     ,  0.0000000000000000     )
 (  0.0000000000000000     ,  0.0000000000000000     )
 (  0.0000000000000000     ,  0.0000000000000000     )
  
 ( -0.0000000000000000     ,  0.0000000000000000     )
 ( -61102183020.379845     ,  0.0000000000000000     )
 ( -0.0000000000000000     , -0.0000000000000000     )
 (  0.0000000000000000     ,  0.0000000000000000     )
 (  0.0000000000000000     ,  0.0000000000000000     )
 (  40781919490.143478     ,  0.0000000000000000     )
 (  0.0000000000000000     ,  0.0000000000000000     )
 (  0.0000000000000000     ,  0.0000000000000000     )
  
 (  0.0000000000000000     ,  0.0000000000000000     )
 ( -0.0000000000000000     ,  0.0000000000000000     )
 ( -14057675711.133175     ,  0.0000000000000000     )
 ( -0.0000000000000000     , -0.0000000000000000     )
 (  0.0000000000000000     ,  0.0000000000000000     )
 (  0.0000000000000000     ,  0.0000000000000000     )
 (  40781919490.143478     ,  0.0000000000000000     )
 (  0.0000000000000000     ,  0.0000000000000000     )
  
 (  0.0000000000000000     ,  0.0000000000000000     )
 (  0.0000000000000000     ,  0.0000000000000000     )
 ( -0.0000000000000000     ,  0.0000000000000000     )
 (  42405012480.162361     ,  0.0000000000000000     )
 ( -0.0000000000000000     , -0.0000000000000000     )
 (  0.0000000000000000     ,  0.0000000000000000     )
 (  0.0000000000000000     ,  0.0000000000000000     )
 (  27859354743.788559     ,  0.0000000000000000     )
  
 (  27859354743.788563     ,  0.0000000000000000     )
 (  0.0000000000000000     ,  0.0000000000000000     )
 (  0.0000000000000000     ,  0.0000000000000000     )
 ( -0.0000000000000000     ,  0.0000000000000000     )
 (  42358615405.535614     ,  0.0000000000000000     )
 ( -0.0000000000000000     , -0.0000000000000000     )
 (  0.0000000000000000     ,  0.0000000000000000     )
 (  0.0000000000000000     ,  0.0000000000000000     )
  
 (  0.0000000000000000     ,  0.0000000000000000     )
 (  40781919490.143478     ,  0.0000000000000000     )
 (  0.0000000000000000     ,  0.0000000000000000     )
 (  0.0000000000000000     ,  0.0000000000000000     )
 ( -0.0000000000000000     ,  0.0000000000000000     )
 ( -14196866935.013422     ,  0.0000000000000000     )
 ( -0.0000000000000000     , -0.0000000000000000     )
 (  0.0000000000000000     ,  0.0000000000000000     )
  
 (  0.0000000000000000     ,  0.0000000000000000     )
 (  0.0000000000000000     ,  0.0000000000000000     )
 (  40781919490.143478     ,  0.0000000000000000     )
 (  0.0000000000000000     ,  0.0000000000000000     )
 (  0.0000000000000000     ,  0.0000000000000000     )
 ( -0.0000000000000000     ,  0.0000000000000000     )
 ( -61334168393.513596     ,  0.0000000000000000     )
 ( -0.0000000000000000     , -0.0000000000000000     )
  
 (  0.0000000000000000     ,  0.0000000000000000     )
 (  0.0000000000000000     ,  0.0000000000000000     )
 (  0.0000000000000000     ,  0.0000000000000000     )
 (  27859354743.788559     ,  0.0000000000000000     )
 (  0.0000000000000000     ,  0.0000000000000000     )
 (  0.0000000000000000     ,  0.0000000000000000     )
 ( -0.0000000000000000     ,  0.0000000000000000     )
 (  32801243325.977406     ,  0.0000000000000000     )
  
